0.00000 0.00001 -0.00006 -0.00001 -0.00000 -0.00001 -0.00001 0.00002 0.00000 0.58244
0.73599 0.00000 -0.00002 -0.00001 0.00001 -0.17218 -0.31958 0.00001 0.00000 -0.04205
-0.15969 -0.25445 0.00000 0.38040 0.00008 0.09630 -0.08744 0.07829 -0.13245 -0.84822
-0.17266 -0.74029 0.00000 0.00000 -0.00002 -0.19650 -0.78299 -0.00003 -0.00001 -0.36572
-1.00535 0.62761 -0.08048 -0.38733 0.00000 -0.61230 -0.80352 -0.18039 -0.22221 0.54862
-0.17531 0.00001 0.00000 0.00001 -0.00000 0.00000 -0.00000 -0.00002 -0.00003 0.29867
-0.32442 -0.00001 0.00000 -0.00000 -0.00000 -0.87966 0.00000 -0.00000 0.00001 0.81600
0.20701 0.35912 -0.00004 0.14299 -0.00001 -0.05499 -0.12500 0.00000 -0.12233 -0.12114
0.10470 -0.46367 -0.00003 -0.70779 -0.00001 0.01063 -0.25913 0.00001 0.00000 -1.04946
0.00000 0.00003 -0.00001 -0.00001 0.00000 0.00001 0.00000 0.00002 -0.00000 0.00000
