-0.00002 0.00002 -0.07906 0.25374 0.25521 0.00072 0.00083 0.53289 0.00617 0.59069
0.05767 -0.00003 -0.51090 -0.01058 0.00017 -0.00263 -0.00002 0.01924 -0.33287 -0.47511
-0.00005 -0.00005 0.00000 -0.00236 -0.00049 -0.00438 0.00005 -0.54538 0.01155 -0.00003
-0.00004 0.00061 0.00577 -0.00001 -0.00003 0.78763 0.00415 0.01418 0.01850 0.04453
-0.00004 0.00099 -0.01417 0.44211 -0.00001 -0.01837 0.00367 0.00221 -0.00919 -0.00654
0.00016 0.00119 0.01206 0.00000 -0.00004 0.00001 -0.00203 0.03975 -0.36054 0.00172
0.00385 0.16611 -0.09930 0.00109 0.00009 0.00512 0.00001 0.01566 0.01423 -0.07030
-0.00002 -0.00003 -0.00001 -0.00049 -0.00041 0.00025 0.00006 0.00001 -0.00266 0.00000
0.00044 0.00002 -0.00019 -0.00007 0.00034 0.00002 0.00031 -0.00103 0.00002 0.00004
0.00001 -0.00001 0.25235 -0.00012 0.00071 -0.00334 0.00008 -0.48057 -0.01664 0.00000
