0.00000 0.00000 0.00004 0.79371 -0.17034 -0.00001 -0.00001 0.33591 0.46481 -0.00003
0.50964 0.00000 0.03812 -0.06674 0.50630 -0.00042 -0.00003 0.03720 0.07268 -0.00003
-0.05475 0.00014 0.00000 -0.06636 -0.44186 -0.00000 -0.00010 -0.28904 -0.34994 -0.03403
0.00001 0.00002 0.00005 0.00000 -0.68659 -0.00002 -0.00002 0.07236 0.19924 -0.00008
-0.00003 -0.00000 -0.00001 -0.00000 0.00000 0.00000 -0.00000 0.00000 -0.00000 0.00000
-0.19327 0.01717 -0.37768 -0.05321 0.27249 0.00000 -0.00002 0.03130 0.07667 -0.11977
-0.19312 0.08471 0.03723 -0.08452 0.14493 -0.13334 0.00000 0.35885 -0.05541 -0.06622
-0.00000 0.00001 -0.00000 -0.00002 0.10449 0.00001 0.00000 0.00000 -0.00000 -0.00002
0.00001 0.00003 -0.00001 0.00002 0.20209 -0.00000 -0.00008 -0.58291 0.00000 -0.00029
-0.09154 0.09119 -0.00005 -0.05184 0.13408 -0.00005 -0.00005 0.01335 -0.02563 0.00000
