0.00000 -0.65555 -0.23914 -0.20700 0.17790 0.10550 -0.25089 -0.13815 0.74488 -0.30863 -0.20980 -0.48051 0.39363 0.44388 -0.00001 0.12941 -0.29622 -0.05106 0.24867 -0.29782
-0.00000 0.00000 -0.18729 0.01504 0.14363 -0.18141 -0.65613 0.05278 -0.66683 -0.16486 0.15684 -0.44601 -0.37669 0.05596 0.00001 -0.00415 -0.24357 0.13078 -0.24711 -0.45562
-0.00000 -0.00001 0.00000 -0.51467 -0.15632 0.39853 0.41183 0.72991 -0.20248 -0.11132 0.90394 0.00000 0.09665 -0.70945 -0.00001 0.05351 -0.33844 0.35546 -0.33628 0.67388
-0.00001 -0.00000 -0.00000 0.00000 0.51583 -0.58965 -0.23092 -0.27009 0.20704 0.41864 0.24326 0.00000 -0.43550 -0.00000 0.00001 -0.44496 -0.25623 -0.81521 0.09168 0.44773
-0.00000 0.00001 0.00000 0.00000 0.00000 0.00000 -0.30185 0.40926 -0.02921 -0.00000 -0.21476 -0.00000 -0.11916 -0.00000 -0.00002 -0.35425 -0.99023 0.33601 0.08407 -0.08117
0.00001 0.00000 0.00000 -0.00000 -0.27037 0.00000 0.06488 -0.00237 0.15896 -0.77733 0.09551 -0.00000 0.36019 0.00000 -0.00004 0.88380 -0.11344 0.57100 0.54106 -0.13852
0.00000 -0.00000 -0.00000 -0.00000 -0.00000 -0.00000 0.00000 0.24158 0.00007 0.00001 -0.00000 0.00001 0.36220 0.00001 0.00000 0.95861 -0.02660 0.19032 -0.38491 -0.25253
0.00000 -0.00000 -0.00000 -0.00000 0.00000 0.00000 -0.00000 0.00000 0.00021 -0.00000 -0.00000 0.00000 -0.09670 0.00001 -0.00000 -0.03850 0.14992 0.07535 -0.01878 -0.14824
0.00000 -0.00000 0.00000 -0.00000 -0.00018 -0.00000 -0.08623 -0.01880 0.00000 -0.00002 0.00000 0.00000 0.12728 -0.00000 -0.00000 -0.65011 0.77849 -0.14386 -0.17057 0.87961
-0.00001 -0.00000 -0.00000 0.00000 -0.65372 -0.00000 0.05437 -0.89066 0.03764 0.00000 -0.73443 0.00000 -0.43401 -0.00000 0.00001 -0.04040 -0.15101 0.16550 0.22424 -0.17013
-0.00000 0.00000 0.00000 -0.00000 -0.00001 0.00000 -0.29355 -0.99711 0.20816 -0.00000 0.00000 -0.00000 0.11441 0.00000 0.00000 -0.05337 0.62048 0.11002 0.16783 -0.19374
0.00000 -0.00000 0.66726 0.49993 0.18328 -0.41357 0.10463 -0.00158 0.00746 0.75662 -0.97630 0.00000 0.00653 -0.22696 0.00001 0.05271 -0.45920 0.07605 -0.02198 0.05286
0.00001 0.00000 0.00001 -0.00000 -0.00001 0.00000 0.00000 0.00000 -0.00000 -0.00000 0.00003 -0.00001 0.00000 0.00002 -0.00001 -0.00004 0.98992 -0.00000 -0.76896 -0.00000
0.00000 0.00002 -0.00000 -0.41339 -0.03829 0.41827 0.32978 0.07272 -0.59007 0.28707 -0.22909 -0.00000 -0.13006 0.00000 -0.00000 0.13923 -0.63272 0.00385 0.10370 -0.09849
-0.55098 0.24394 -0.23273 -0.00940 -0.22746 -0.10665 0.69763 0.08991 0.60463 0.48131 -0.22881 0.21570 -0.02498 0.33064 0.00000 0.00984 0.61218 0.01516 -0.11328 -0.15122
0.00000 -0.00000 -0.00000 0.00000 -0.00000 0.00000 0.00000 0.00000 0.00000 0.00002 -0.00001 0.00000 -0.02887 0.00000 0.00001 0.00000 -0.00133 -0.00000 0.07264 0.00000
0.00000 -0.00000 0.00000 -0.00001 -0.00000 0.00000 0.00001 0.00002 0.00000 -0.00000 0.00000 -0.00000 0.00000 0.00000 -0.00000 0.00006 0.00000 0.00004 -0.00011 -0.00001
0.00001 0.00001 0.00000 -0.00000 0.00000 0.00000 -0.00004 0.00007 -0.00000 0.00000 -0.00002 -0.00000 -0.13605 0.00002 -0.00000 -0.90150 -0.08258 0.00000 -0.70379 -0.00000
-0.00000 -0.00000 -0.00000 0.00001 -0.00000 -0.00000 -0.00000 -0.00003 0.00001 -0.00000 0.00001 0.00001 -0.00000 -0.00003 -0.00002 0.00007 -0.10717 -0.00000 0.00000 0.00000
-0.00000 -0.00000 0.00000 0.00000 -0.00001 -0.00000 -0.00001 -0.00000 0.00000 -0.00001 0.00000 0.00000 -0.32240 -0.00001 -0.00001 -0.04591 0.10471 -0.46424 0.51675 0.00000
