0.00000 -0.53552 -0.06868 -0.03706 0.19744 -0.09789 -0.10252 0.04749 0.36881 -0.19639 -0.25437 -0.07620 0.35116 0.64427 -0.00001 0.13439 -0.10755 -0.07501 0.19931 -0.05184
-0.00001 0.00000 -0.04553 -0.04477 -0.04012 -0.05627 -0.76366 -0.25456 -0.62070 0.30273 0.11098 -0.16039 -0.22146 -0.35864 0.00003 -0.19789 -0.09213 0.07128 -0.15197 -0.52322
-0.00003 -0.00008 0.00000 -0.05666 -0.00040 0.05668 0.00012 -0.37497 0.00010 -0.86992 0.58144 0.00001 0.12551 -0.00003 -0.00002 -0.00229 -0.32774 0.51827 -0.14934 0.47719
-0.00020 0.00001 -0.00002 0.00000 -0.00001 -0.00004 0.00005 -0.44882 0.00003 0.00009 -0.00237 0.00003 -0.00006 -0.00029 0.00029 -0.33533 -0.27302 -0.00002 0.23244 0.00005
0.00002 0.00000 -0.03566 0.10059 0.00000 -0.03766 -0.00001 0.44239 0.00030 -0.28401 0.02214 -0.10211 -0.28356 -0.06789 -0.00002 -0.34380 -0.83089 0.10091 0.06643 -0.04220
0.00007 -0.00002 0.00001 -0.06422 0.00007 0.00000 -0.00000 0.18470 0.00007 -0.00002 0.17879 -0.00001 0.00003 0.00002 -0.00010 0.67947 -0.00550 0.42376 0.44213 -0.12082
0.00000 -0.00000 0.06561 -0.00096 -0.40398 0.09849 0.00000 0.51033 -0.00002 0.31763 -0.14858 0.21163 0.25201 -0.09153 0.00000 0.79401 -0.00491 0.10121 -0.36464 -0.21494
0.00004 -0.00000 0.00000 -0.00000 0.00001 0.00000 0.00000 0.00000 -0.00004 -0.00001 -0.35287 0.00000 -0.00000 0.00002 -0.00000 -0.00036 0.04111 0.00005 -0.00002 -0.00008
0.00001 -0.00000 0.05315 -0.10593 -0.01264 -0.00091 -0.17369 -0.02470 0.00000 -0.06790 -0.02943 -0.09956 0.01600 -0.50920 -0.00004 -0.62591 0.70475 -0.07539 -0.12757 0.79158
-0.00002 0.00000 -0.00000 0.14297 -0.00002 -0.31638 0.00002 -0.31695 -0.00001 0.00000 -0.58626 0.00000 -0.73646 -0.00001 0.00003 0.08607 -0.17592 -0.17358 0.09632 0.02962
0.00001 -0.00000 0.00000 0.00001 0.00000 0.00001 -0.00004 -0.00002 0.00016 -0.00001 -0.00000 -0.00000 0.00004 0.00000 -0.00009 -0.00159 0.56697 0.00003 0.00030 0.00003
-0.00002 -0.00001 0.28560 0.00918 -0.00001 -0.07033 0.00003 0.74480 0.00001 1.07244 -0.33696 0.00000 -0.15108 -0.00002 0.00001 0.02888 -0.27575 0.03704 -0.08793 0.09031
0.00002 -0.00001 0.00000 -0.11456 0.00000 0.23246 0.00000 -0.37996 0.00006 -0.00001 0.13844 -0.00000 0.00000 0.00002 -0.00005 0.08455 0.78409 0.16696 -0.62507 -0.24740
0.00000 0.00000 -0.24734 -0.01679 0.00008 0.23233 0.00007 -0.01518 -0.00000 -0.58112 -0.14014 -0.30550 0.18246 0.00000 0.00000 0.10874 -0.55075 0.03947 0.04898 -0.18166
-0.49174 0.24618 -0.18265 -0.02104 -0.23999 -0.10094 1.26425 -0.10154 0.22854 0.11742 0.02196 -0.05772 -0.07528 0.43158 0.00000 0.16880 0.42396 0.02302 -0.12610 -0.14740
0.00001 -0.00000 -0.00000 -0.00000 -0.00002 0.00000 0.00001 0.01654 -0.00000 0.00002 -0.00559 0.00001 0.00003 0.00002 0.00001 0.00000 0.00712 -0.00000 0.05414 0.00001
0.00002 -0.00001 0.00001 -0.00001 -0.00000 0.00005 -0.00001 -0.00006 0.00001 -0.00003 0.00000 -0.00001 0.00001 0.00001 -0.00002 -0.00041 0.00000 -0.00002 -0.00004 0.00006
0.00004 0.00001 0.00000 -0.22165 0.00009 0.00000 0.00003 -0.10022 -0.00002 -0.00008 0.02809 -0.00002 0.00005 0.00007 -0.00003 -0.77892 -0.19704 0.00000 -0.66238 -0.00001
-0.00001 -0.00001 -0.00001 0.00000 -0.00005 -0.00000 -0.00001 -0.14181 0.00004 0.00004 -0.00602 0.00002 -0.00001 -0.00011 -0.00002 0.00006 -0.23508 -0.00001 0.00000 0.00001
0.00001 -0.00001 0.00000 0.01661 -0.00013 0.00007 -0.00001 -0.08158 0.00001 0.00010 0.07670 0.00003 -0.00001 -0.00007 -0.00005 -0.04679 0.15645 -0.58233 0.49930 0.00000
